socialspy: false
timestamps:
  login: 1617578679611
  logout: 1617580260766
  lastteleport: 1617578996959
lastlocation:
  world: Cidade
  x: 277.8221794396647
  y: 63.0
  z: -118.39227595457585
  yaw: 326.92432
  pitch: 24.29087
money: '0.0'
logoutlocation:
  world: Cidade
  x: 241.29530576103863
  y: 74.86308269277248
  z: -96.94236308844013
  yaw: -38.36986
  pitch: 30.3068
ip-address: 192.168.1.78
last-account-name: ice41
