jails: 
  jail: 
    world: Cidade
    x: 242.30000001192093
    y: 50.003055539432324
    z: -110.96417042703445
    yaw: -97.18662
    pitch: 30.684948
  jail1: 
    world: Cidade
    x: 242.30000001192093
    y: 50.003055539432324
    z: -110.96417042703445
    yaw: -97.18662
    pitch: 30.684948
