world: Cidade
x: -759.0193407012977
y: 71.0
z: -161.6078898216041
yaw: -86.84944
pitch: 6.9000034
name: mercadoanimais
