world: Cidade
x: -654.852326198612
y: 71.0
z: -43.266791904431244
yaw: 270.37292
pitch: -0.7416903
name: mercado
