world: Mundo
x: 59.314458698864826
y: 63.0
z: 310.0007711361898
yaw: -88.05347
pitch: 3.1499844
name: pescar
