world: Cidade
x: -767.7288887705033
y: 71.0
z: -49.047076172668866
yaw: 270.52148
pitch: 2.8582916
name: portais
